0.000000, 1.2219, 0.8309 
0.000010, 1.2219, 0.8309 
0.000020, 1.2219, 0.8309 
0.000030, 1.4174, 0.8309 
0.000040, 1.4174, 0.8309 
0.000050, 1.4174, 1.0264 
0.000060, 1.4174, 0.8309 
0.000070, 1.6129, 1.0264 
0.000080, -0.5376, 1.0264 
0.000090, -3.8612, 1.2219 
0.000100, 21.7498, 1.0264 
0.000110, -0.5376, -1.9062 
0.000120, -15.0049, 5.5230 
0.000130, -7.5758, 12.3656 
0.000140, -5.8162, 9.8240 
0.000150, -4.6432, 2.7859 
0.000160, -3.6657, -3.8612 
0.000170, 14.3206, -6.9892 
0.000180, 2.0039, -1.5152 
0.000190, 6.5005, 3.3724 
0.000200, -5.0342, 7.8690 
0.000210, 14.5161, 5.3275 
0.000220, 0.4399, 4.3500 
0.000230, 4.1544, -3.6657 
0.000240, -5.4252, -14.0274 
0.000250, -5.8162, -12.4633 
0.000260, 2.9814, -0.1466 
0.000270, 5.9140, 9.4330 
0.000280, 21.9453, 1.6129 
0.000290, -13.8319, -1.3196 
0.000300, -12.8543, 1.4174 
0.000310, -12.6588, 3.5679 
0.000320, 8.2600, 2.1994 
0.000330, 7.8690, -2.8837 
0.000340, 4.7410, 3.9589 
0.000350, -0.5376, -1.3196 
0.000360, -0.9286, 2.1994 
0.000370, -12.6588, 0.4399 
0.000380, 2.9814, 0.8309 
0.000390, 18.4262, -6.4027 
0.000400, 8.8465, -0.5376 
0.000410, -8.5533, 3.1769 
0.000420, -0.3421, 7.0870 
0.000430, 8.0645, 5.3275 
0.000440, 7.6735, 1.2219 
0.000450, -8.5533, -5.6207 
0.000460, -0.1466, -0.9286 
0.000470, 3.9589, 1.4174 
0.000480, -3.0792, 2.9814 
0.000490, -5.6207, 1.6129 
0.000500, 5.5230, 3.7634 
0.000510, 12.5611, 6.3050 
0.000520, 5.1320, -2.2972 
0.000530, 0.0489, -8.3578 
0.000540, -9.9218, -5.2297 
0.000550, -1.1241, 2.7859 
0.000560, 7.8690, 1.8084 
0.000570, 11.1926, -1.3196 
0.000580, -0.3421, -1.5152 
0.000590, -1.1241, 1.0264 
0.000600, -3.0792, 2.1994 
0.000610, 3.9589, 5.3275 
0.000620, 0.2444, 6.8915 
0.000630, -4.2522, 5.7185 
0.000640, 1.6129, 3.1769 
0.000650, 6.1095, -1.1241 
0.000660, 1.8084, -1.3196 
0.000670, -13.0499, -0.9286 
0.000680, -2.6882, 2.5904 
0.000690, 5.5230, 4.1544 
0.000700, 9.6285, 1.4174 
0.000710, -0.7331, -0.7331 
0.000720, -3.2747, -4.2522 
0.000730, 5.9140, -2.6882 
0.000740, 8.2600, -2.1017 
0.000750, 5.1320, -0.3421 
0.000760, 1.2219, 0.6354 
0.000770, 5.3275, 2.7859 
0.000780, 0.6354, 3.5679 
0.000790, 0.8309, 1.2219 
0.000800, -0.5376, 1.4174 
0.000810, -1.7107, 4.5455 
0.000820, 3.9589, 6.6960 
0.000830, 1.4174, 3.5679 
0.000840, 0.8309, -3.2747 
0.000850, -7.3803, -4.8387 
0.000860, -7.9668, 2.3949 
0.000870, -0.7331, 7.2825 
0.000880, 9.2375, 1.0264 
0.000890, 7.4780, -1.9062 
0.000900, -4.6432, -3.0792 
0.000910, 2.9814, -0.7331 
0.000920, 8.4555, -1.9062 
0.000930, 8.0645, -0.3421 
0.000940, 0.6354, 3.3724 
0.000950, 3.5679, 5.3275 
0.000960, 6.1095, 0.2444 
0.000970, 3.7634, -5.2297 
0.000980, -5.2297, -5.6207 
0.000990, -8.5533, -2.4927 
0.001000, 3.1769, 2.3949 
0.001010, 5.3275, 7.8690 
0.001020, -8.5533, 1.4174 
0.001030, -1.3196, 0.0489 
0.001040, 2.1994, 1.6129 
0.001050, 5.1320, 1.8084 
0.001060, 2.5904, -0.1466 
0.001070, 0.2444, 2.5904 
0.001080, 3.1769, 4.1544 
0.001090, 1.6129, 0.8309 
0.001100, -0.9286, 0.6354 
0.001110, 2.1994, 4.9365 
0.001120, 8.4555, 2.0039 
0.001130, 3.9589, -4.4477 
0.001140, -4.0567, -5.8162 
0.001150, -10.7038, 1.4174 
0.001160, -2.1017, 4.3500 
0.001170, 5.9140, 4.7410 
0.001180, 7.4780, 2.0039 
0.001190, -2.1017, 2.3949 
0.001200, -0.5376, 0.4399 
0.001210, 3.1769, -3.0792 
0.001220, 2.1994, -1.1241 
0.001230, 0.0489, -0.5376 
0.001240, 1.4174, 1.6129 
0.001250, 9.0420, 0.6354 
0.001260, 8.4555, -1.5152 
0.001270, 0.6354, -4.6432 
0.001280, -6.2072, -4.8387 
0.001290, -0.5376, 1.6129 
0.001300, 7.4780, 6.5005 
0.001310, 4.3500, 5.3275 
0.001320, -0.7331, -1.1241 
0.001330, -0.7331, -0.3421 
0.001340, -1.1241, 3.1769 
0.001350, 0.2444, 4.7410 
0.001360, -1.1241, 3.7634 
0.001370, -1.3196, 3.3724 
0.001380, -0.1466, 3.9589 
0.001390, 2.1994, -1.9062 
0.001400, 2.5904, -3.6657 
0.001410, 2.5904, -1.9062 
0.001420, 0.4399, 4.9365 
0.001430, 3.7634, 3.7634 
0.001440, 4.9365, -2.1017 
0.001450, 2.5904, -5.2297 
0.001460, -2.8837, -4.0567 
0.001470, 0.2444, -0.3421 
0.001480, 7.6735, 1.8084 
0.001490, 9.0420, 2.9814 
0.001500, 1.0264, 4.9365 
0.001510, -6.2072, 6.1095 
0.001520, -3.2747, 3.3724 
0.001530, 1.0264, -0.1466 
0.001540, -1.1241, -0.5376 
0.001550, -1.7107, 0.8309 
0.001560, 2.7859, 4.1544 
0.001570, 2.7859, 2.3949 
0.001580, -1.3196, -0.3421 
0.001590, -6.2072, -4.0567 
0.001600, -2.4927, -0.1466 
0.001610, 6.8915, 1.6129 
0.001620, 10.9971, -0.1466 
0.001630, 6.6960, -1.7107 
0.001640, 1.2219, -2.1017 
0.001650, -0.1466, 1.4174 
0.001660, 1.4174, 1.6129 
0.001670, 3.1769, -0.3421 
0.001680, 3.3724, -0.1466 
0.001690, 1.4174, 2.7859 
0.001700, 1.8084, 1.6129 
0.001710, -6.0117, 1.0264 
0.001720, -4.4477, 2.3949 
0.001730, 2.0039, 1.2219 
0.001740, 5.7185, 0.4399 
0.001750, 2.5904, -1.3196 
0.001760, -3.4702, 1.8084 
0.001770, -0.9286, 2.5904 
0.001780, 4.5455, 0.2444 
0.001790, 5.9140, 1.2219 
0.001800, 3.7634, 1.6129 
0.001810, 4.9365, 0.8309 
0.001820, 2.5904, -0.9286 
0.001830, -0.9286, -2.2972 
0.001840, -2.4927, 0.4399 
0.001850, -0.5376, 2.3949 
0.001860, 3.7634, 2.0039 
0.001870, 2.0039, -1.3196 
0.001880, -2.6882, -2.2972 
0.001890, -3.6657, 0.4399 
0.001900, -0.3421, 3.1769 
0.001910, 3.7634, 3.3724 
0.001920, 4.3500, 0.4399 
0.001930, 2.5904, 1.0264 
0.001940, 1.4174, 1.4174 
0.001950, 2.3949, -0.3421 
0.001960, 2.9814, -3.0792 
0.001970, 2.5904, -1.9062 
0.001980, 1.8084, 2.7859 
0.001990, 3.3724, 4.5455 
0.002000, 2.3949, 2.3949 
0.002010, -1.1241, -0.5376 
0.002020, -3.8612, -0.5376 
0.002030, -2.6882, 1.4174 
0.002040, 2.0039, 2.3949 
0.002050, 2.7859, 2.5904 
0.002060, -0.7331, 3.1769 
0.002070, -3.4702, 3.7634 
0.002080, -1.5152, 2.9814 
0.002090, 3.1769, 2.1994 
0.002100, 3.7634, 1.8084 
0.002110, 2.9814, 2.3949 
0.002120, 3.3724, 1.8084 
0.002130, 2.9814, -1.7107 
0.002140, 1.4174, -5.6207 
0.002150, -0.7331, -5.4252 
0.002160, 0.6354, 0.2444 
0.002170, 4.9365, 2.9814 
0.002180, 5.9140, 0.8309 
0.002190, 2.1994, -1.9062 
0.002200, -2.6882, -0.5376 
0.002210, -2.1017, 2.5904 
0.002220, 2.1994, 3.7634 
0.002230, 4.3500, 1.2219 
0.002240, 2.7859, 1.8084 
0.002250, -0.3421, 3.7634 
0.002260, -1.5152, 3.5679 
0.002270, -0.9286, -0.1466 
0.002280, -1.3196, -1.9062 
0.002290, -0.1466, -0.3421 
0.002300, 3.9589, 2.3949 
0.002310, 5.9140, 1.2219 
0.002320, 3.5679, -3.0792 
0.002330, -1.3196, -4.6432 
0.002340, -1.3196, -1.3196 
0.002350, 2.9814, 2.1994 
0.002360, 6.1095, 2.0039 
0.002370, 5.5230, 0.0489 
0.002380, 1.8084, 0.4399 
0.002390, 0.0489, 4.5455 
0.002400, -0.7331, 3.3724 
0.002410, -0.1466, 3.1769 
0.002420, 0.4399, 3.3724 
0.002430, 0.6354, 1.2219 
0.002440, -1.9062, -1.1241 
0.002450, -4.0567, -1.1241 
0.002460, -2.4927, 2.7859 
0.002470, 4.7410, 1.2219 
0.002480, 5.5230, -2.8837 
0.002490, 2.3949, -1.9062 
0.002500, 1.6129, 1.6129 
0.002510, 2.7859, 2.5904 
0.002520, 3.7634, 1.2219 
0.002530, 3.7634, -1.1241 
0.002540, 2.5904, 0.4399 
0.002550, 2.1994, 0.8309 
0.002560, 1.0264, 0.2444 
0.002570, -1.1241, -0.1466 
0.002580, -2.6882, 2.0039 
0.002590, -1.5152, 5.3275 
0.002600, 1.6129, 2.3949 
0.002610, 1.6129, -1.3196 
0.002620, -0.3421, -4.6432 
0.002630, -0.9286, -1.1241 
0.002640, 0.4399, 2.3949 
0.002650, 3.1769, 2.7859 
0.002660, 3.9589, 0.0489 
0.002670, 3.7634, -0.1466 
0.002680, 4.5455, 2.3949 
0.002690, 5.1320, 2.7859 
0.002700, 3.9589, 1.4174 
0.002710, 1.6129, -0.1466 
0.002720, -0.1466, 1.2219 
0.002730, 0.2444, 2.3949 
0.002740, -0.3421, 0.8309 
0.002750, -1.3196, 0.0489 
0.002760, -2.6882, 0.8309 
0.002770, -1.5152, 3.7634 
0.002780, 1.4174, 2.1994 
0.002790, 1.6129, 0.4399 
0.002800, 0.4399, -0.1466 
0.002810, 0.8309, 1.8084 
0.002820, 2.9814, 1.8084 
0.002830, 4.7410, -0.1466 
0.002840, 4.1544, -1.7107 
0.002850, 3.5679, -0.1466 
0.002860, 4.1544, 1.8084 
0.002870, 3.5679, 0.0489 
0.002880, 1.6129, -2.6882 
0.002890, -0.3421, -2.4927 
0.002900, 0.0489, 1.4174 
0.002910, 1.4174, 3.3724 
0.002920, 0.2444, 2.0039 
0.002930, -1.5152, -0.5376 
0.002940, -2.4927, 0.2444 
0.002950, -1.3196, 3.3724 
0.002960, 0.6354, 3.9589 
0.002970, 1.4174, 2.1994 
0.002980, 2.3949, 1.4174 
0.002990, 2.0039, 3.5679 
0.003000, 2.3949, 3.9589 
0.003010, 2.1994, 0.8309 
0.003020, 1.8084, -2.1017 
0.003030, 1.6129, -2.1017 
0.003040, 2.3949, -0.5376 
0.003050, 2.7859, -0.1466 
0.003060, 2.0039, -1.5152 
0.003070, 0.0489, 2.3949 
0.003080, 1.8084, 3.3724 
0.003090, 2.3949, 3.1769 
0.003100, 1.0264, 2.0039 
0.003110, -0.3421, 2.1994 
0.003120, 0.6354, 1.8084 
0.003130, 0.4399, 1.8084 
0.003140, -0.1466, 1.6129 
0.003150, 0.2444, 2.5904 
0.003160, 2.3949, 0.4399 
0.003170, 1.8084, -1.9062 
0.003180, 1.4174, -3.4702 
0.003190, 2.0039, -1.1241 
0.003200, 2.9814, 1.0264 
0.003210, 3.5679, 0.4399 
0.003220, 2.5904, -1.9062 
0.003230, 2.1994, -2.2972 
0.003240, 2.1994, 0.8309 
0.003250, 2.7859, 2.1994 
0.003260, 2.5904, 2.1994 
0.003270, 1.8084, 1.2219 
0.003280, -0.1466, 3.1769 
0.003290, -0.1466, 3.9589 
0.003300, 0.0489, 1.6129 
0.003310, -0.1466, -1.1241 
0.003320, -0.3421, -0.9286 
0.003330, 0.0489, 2.5904 
0.003340, 1.0264, 2.7859 
0.003350, 0.6354, 0.4399 
0.003360, 0.0489, -1.9062 
0.003370, 1.2219, -0.7331 
0.003380, 3.7634, 2.1994 
0.003390, 5.1320, 2.7859 
0.003400, 3.1769, 2.3949 
0.003410, 1.2219, 0.8309 
0.003420, 0.6354, 1.6129 
0.003430, 1.0264, 1.0264 
0.003440, 0.8309, 0.8309 
0.003450, 0.6354, 1.2219 
0.003460, 0.6354, 3.5679 
0.003470, 0.2444, 4.3500 
0.003480, -1.7107, 1.8084 
0.003490, -2.8837, -0.5376 
0.003500, -1.1241, -1.3196 
0.003510, 1.4174, 0.8309 
0.003520, 3.5679, 0.8309 
0.003530, 2.7859, -1.1241 
0.003540, 1.8084, -2.2972 
0.003550, 1.4174, -0.5376 
0.003560, 2.9814, 1.8084 
0.003570, 4.7410, 0.8309 
0.003580, 5.1320, -0.1466 
0.003590, 4.7410, 0.4399 
0.003600, 2.7859, 2.1994 
0.003610, 0.4399, 1.4174 
0.003620, -1.1241, -0.9286 
0.003630, -1.7107, -0.5376 
0.003640, -0.9286, 2.1994 
0.003650, 0.8309, 4.3500 
0.003660, 0.6354, 2.5904 
0.003670, -0.9286, 0.0489 
0.003680, -1.7107, 0.2444 
0.003690, 0.2444, 2.7859 
0.003700, 2.9814, 3.7634 
0.003710, 3.7634, 1.6129 
0.003720, 3.5679, -0.9286 
0.003730, 2.9814, -0.7331 
0.003740, 2.9814, 0.4399 
0.003750, 2.5904, 1.0264 
0.003760, 2.9814, 0.2444 
0.003770, 2.5904, 0.6354 
0.003780, 0.6354, -0.3421 
0.003790, -1.3196, -0.3421 
0.003800, -1.1241, 1.6129 
0.003810, 0.0489, 3.9589 
0.003820, 0.6354, 2.7859 
0.003830, 0.2444, 1.0264 
0.003840, 0.0489, 1.6129 
0.003850, 0.8309, 3.1769 
0.003860, 1.8084, 2.5904 
0.003870, 2.1994, 0.6354 
0.003880, 2.5904, -0.3421 
0.003890, 2.5904, 0.4399 
0.003900, 2.5904, -0.1466 
0.003910, 1.6129, -2.2972 
0.003920, 1.0264, -1.9062 
0.003930, 2.0039, 1.4174 
0.003940, 2.9814, 2.0039 
0.003950, 1.6129, 0.6354 
0.003960, -0.3421, 1.0264 
0.003970, 0.0489, 3.1769 
0.003980, 1.0264, 4.7410 
0.003990, 1.0264, 2.7859 
0.004000, -0.1466, 0.4399 
0.004010, -0.3421, 0.4399 
0.004020, 0.2444, 2.9814 
0.004030, -0.3421, 0.0489 
0.004040, 1.2219, -1.7107 
0.004050, 3.1769, -0.3421 
0.004060, 3.5679, 1.0264 
0.004070, 2.1994, 0.6354 
0.004080, 1.2219, -0.7331 
0.004090, 1.6129, -0.7331 
0.004100, 2.3949, 0.6354 
0.004110, 3.1769, 1.2219 
0.004120, 2.7859, 1.0264 
0.004130, 1.8084, 1.8084 
0.004140, 0.6354, 3.1769 
0.004150, -0.1466, 2.9814 
0.004160, -0.7331, 0.6354 
0.004170, -0.5376, -0.7331 
0.004180, 0.8309, 0.2444 
0.004190, 1.6129, 1.4174 
0.004200, 1.0264, 0.4399 
0.004210, -0.5376, -1.3196 
0.004220, 0.0489, -2.1017 
0.004230, 2.1994, -0.1466 
0.004240, 4.5455, 1.2219 
0.004250, 4.7410, 0.4399 
0.004260, 3.9589, -0.3421 
0.004270, 3.1769, 0.4399 
0.004280, 2.0039, 1.8084 
0.004290, 1.0264, 1.8084 
0.004300, 0.2444, 1.2219 
0.004310, 0.8309, 1.2219 
0.004320, 0.8309, 2.9814 
0.004330, -0.3421, 3.9589 
0.004340, -2.2972, 2.1994 
0.004350, -2.8837, 0.4399 
0.004360, -1.3196, 1.6129 
0.004370, 0.6354, 3.1769 
0.004380, 1.6129, 2.9814 
0.004390, 1.4174, 0.2444 
0.004400, 1.4174, -1.3196 
0.004410, 2.0039, -0.1466 
0.004420, 2.9814, 1.4174 
0.004430, 3.9589, -0.1466 
0.004440, 3.9589, -0.3421 
0.004450, 2.7859, 0.0489 
0.004460, 0.6354, 0.6354 
0.004470, -0.7331, 1.2219 
0.004480, -0.1466, 1.4174 
0.004490, 0.4399, 1.6129 
0.004500, 0.4399, -0.7331 
0.004510, -0.9286, -0.1466 
0.004520, 0.2444, 2.1994 
0.004530, 1.4174, 3.3724 
0.004540, 1.6129, 2.3949 
0.004550, 1.8084, 0.0489 
0.004560, 2.7859, -0.7331 
0.004570, 3.7634, 0.0489 
0.004580, 3.3724, -0.1466 
0.004590, 2.0039, -0.7331 
0.004600, 2.5904, 0.0489 
0.004610, 2.3949, 1.0264 
0.004620, 1.4174, 0.2444 
0.004630, 0.2444, -0.5376 
0.004640, 0.6354, 0.2444 
0.004650, 0.8309, 2.5904 
0.004660, 0.6354, 3.5679 
0.004670, -0.1466, 2.0039 
0.004680, -0.7331, 0.4399 
0.004690, 0.2444, 1.6129 
0.004700, 1.2219, 3.5679 
0.004710, 1.8084, 3.9589 
0.004720, 1.6129, 2.0039 
0.004730, 1.6129, 0.0489 
0.004740, 2.0039, 0.6354 
0.004750, 2.0039, 0.6354 
0.004760, 1.4174, 0.0489 
0.004770, 1.2219, -1.5152 
0.004780, 2.1994, -1.1241 
0.004790, 2.7859, -0.1466 
0.004800, 1.6129, 0.0489 
0.004810, 0.0489, 0.0489 
0.004820, 0.6354, 0.8309 
0.004830, 1.8084, 2.3949 
0.004840, 2.0039, 3.1769 
0.004850, 1.0264, 2.0039 
0.004860, 0.8309, 1.0264 
0.004870, 1.0264, 1.0264 
0.004880, 0.6354, 2.1994 
0.004890, 0.0489, 1.6129 
0.004900, -0.3421, 0.0489 
0.004910, 0.8309, -1.1241 
0.004920, 2.0039, -0.3421 
0.004930, 2.0039, -0.1466 
0.004940, 1.6129, -0.9286 
0.004950, 1.6129, -0.7331 
0.004960, 2.5904, 1.0264 
0.004970, 3.1769, 2.1994 
0.004980, 2.5904, 1.0264 
0.004990, 1.8084, 0.0489 
0.005000, 2.0039, 0.8309 
0.005010, 2.3949, 3.3724 
0.005020, 1.4174, 4.3500 
0.005030, -0.5376, 2.9814 
0.005040, -1.1241, 1.8084 
0.005050, -0.3421, 1.6129 
0.005060, 0.2444, 1.6129 
0.005070, -0.1466, 0.6354 
0.005080, -0.3421, -0.7331 
0.005090, 0.6354, -0.7331 
0.005100, 2.0039, 0.2444 
0.005110, 2.1994, -0.1466 
0.005120, 3.3724, -0.5376 
0.005130, 4.9365, 0.0489 
0.005140, 4.9365, 0.4399 
0.005150, 3.3724, 0.0489 
0.005160, 1.8084, 0.0489 
0.005170, 1.6129, 0.8309 
0.005180, 1.4174, 1.6129 
0.005190, -1.1241, 0.4399 
0.005200, -1.5152, 0.8309 
0.005210, 1.0264, 0.0489 
0.005220, 2.5904, 0.8309 
0.005230, 2.7859, 0.8309 
0.005240, 2.7859, 0.4399 
0.005250, 1.6129, -0.1466 
0.005260, 0.8309, 0.4399 
0.005270, -1.3196, -0.5376 
0.005280, -0.1466, 1.2219 
0.005290, 0.2444, 2.7859 
0.005300, 3.5679, 0.8309 
0.005310, 3.1769, 0.0489 
0.005320, 2.9814, -0.5376 
0.005330, 3.1769, -0.9286 
0.005340, 2.5904, -0.7331 
0.005350, 1.4174, -0.7331 
0.005360, 0.8309, -0.7331 
0.005370, 1.6129, -0.1466 
0.005380, 1.8084, 1.2219 
0.005390, 0.6354, 1.8084 
0.005400, -0.9286, 0.8309 
0.005410, -0.9286, 0.0489 
0.005420, 0.4399, 0.6354 
0.005430, 1.8084, 2.0039 
0.005440, 1.8084, 2.3949 
0.005450, 1.4174, 1.8084 
0.005460, 2.0039, 1.8084 
0.005470, 2.3949, 1.4174 
0.005480, 2.3949, 1.0264 
0.005490, 2.0039, -0.3421 
0.005500, 2.3949, -0.1466 
0.005510, 3.1769, 0.2444 
0.005520, 2.1994, 0.4399 
0.005530, 0.4399, 0.0489 
0.005540, -0.1466, 0.0489 
0.005550, 0.8309, 1.0264 
0.005560, 2.0039, 2.7859 
0.005570, 1.6129, 3.1769 
0.005580, 0.4399, 2.3949 
0.005590, 0.2444, 1.2219 
0.005600, 0.6354, 1.8084 
0.005610, 1.0264, 2.9814 
0.005620, 0.6354, 3.1769 
0.005630, 0.6354, 1.8084 
0.005640, 1.2219, -0.7331 
0.005650, 0.8309, -1.1241 
0.005660, 1.2219, -1.1241 
0.005670, 2.5904, -0.7331 
0.005680, 3.3724, 0.0489 
0.005690, 2.5904, 0.4399 
0.005700, 1.6129, -0.1466 
0.005710, 1.6129, -0.1466 
0.005720, 2.5904, 2.0039 
0.005730, 1.6129, 2.1994 
0.005740, 0.4399, 1.8084 
0.005750, 0.2444, 1.6129 
0.005760, 0.0489, 2.3949 
0.005770, -0.3421, 2.5904 
0.005780, -0.5376, 1.8084 
0.005790, 0.4399, 0.8309 
0.005800, 1.2219, 0.4399 
0.005810, 1.2219, 0.4399 
0.005820, 0.6354, -0.3421 
0.005830, 1.0264, -0.3421 
0.005840, 2.7859, 0.6354 
0.005850, 4.3500, 1.8084 
0.005860, 4.1544, 1.4174 
0.005870, 2.7859, -0.1466 
0.005880, 2.0039, -0.1466 
0.005890, 2.1994, 1.0264 
0.005900, 1.8084, 2.3949 
0.005910, 1.0264, 2.0039 
0.005920, 0.2444, 0.4399 
0.005930, 0.4399, 0.2444 
0.005940, 0.2444, 2.0039 
0.005950, -0.9286, 2.9814 
0.005960, -1.3196, 2.1994 
0.005970, -0.1466, 0.4399 
0.005980, 1.8084, -0.5376 
0.005990, 2.3949, 0.0489 
0.006000, 2.1994, 0.2444 
0.006010, 2.0039, 0.0489 
0.006020, 2.7859, 0.2444 
0.006030, 3.3724, 0.8309 
0.006040, 2.9814, 0.4399 
0.006050, 2.5904, -0.5376 
0.006060, 2.7859, -0.5376 
0.006070, 2.7859, 0.4399 
0.006080, 1.4174, 1.6129 
0.006090, -0.5376, 2.3949 
0.006100, -1.3196, 1.8084 
0.006110, -0.5376, 1.4174 
0.006120, 0.2444, 1.4174 
0.006130, -0.1466, 1.4174 
0.006140, -0.5376, 1.8084 
0.006150, 0.0489, 1.8084 
0.006160, 1.2219, 1.6129 
0.006170, 1.6129, 1.6129 
0.006180, 1.6129, 1.2219 
0.006190, 2.1994, 1.2219 
0.006200, 3.3724, 0.8309 
0.006210, 3.5679, 0.6354 
0.006220, 2.1994, 0.0489 
0.006230, 1.2219, -0.5376 
0.006240, 1.2219, 0.0489 
0.006250, 1.8084, 1.2219 
0.006260, 1.0264, 2.1994 
0.006270, 0.0489, 1.8084 
0.006280, -0.3421, 1.0264 
0.006290, 0.2444, 0.8309 
0.006300, 0.8309, 1.6129 
0.006310, 0.4399, 1.8084 
0.006320, 0.4399, 0.6354 
0.006330, 2.0039, 0.2444 
0.006340, 2.0039, 0.2444 
0.006350, 2.0039, 0.4399 
0.006360, 2.5904, 0.0489 
0.006370, 3.3724, -0.3421 
0.006380, 3.1769, -0.9286 
0.006390, 2.1994, -0.9286 
0.006400, 1.4174, -0.5376 
0.006410, 2.1994, 0.6354 
0.006420, 2.1994, 1.8084 
0.006430, 1.0264, 2.0039 
0.006440, 0.2444, 1.8084 
0.006450, 0.4399, 1.8084 
0.006460, 0.6354, 2.3949 
0.006470, 0.2444, 2.7859 
0.006480, -0.1466, 2.3949 
0.006490, 0.2444, 1.8084 
0.006500, 1.0264, 1.4174 
0.006510, 0.8309, 0.8309 
0.006520, 0.2444, 0.4399 
0.006530, 0.6354, 0.4399 
0.006540, 2.1994, 0.6354 
0.006550, 2.9814, 0.4399 
0.006560, 2.5904, -0.1466 
0.006570, 2.1994, -0.3421 
0.006580, 2.3949, 0.2444 
0.006590, 2.5904, 1.4174 
0.006600, 2.1994, 2.3949 
0.006610, 1.2219, 1.8084 
0.006620, 0.6354, 0.6354 
0.006630, 0.6354, 0.2444 
0.006640, 0.6354, 1.2219 
0.006650, 0.0489, 2.3949 
0.006660, -0.5376, 2.1994 
0.006670, -0.1466, 1.4174 
0.006680, 0.6354, 0.4399 
0.006690, 0.8309, 0.0489 
0.006700, 0.8309, 0.2444 
0.006710, 1.4174, 0.0489 
0.006720, 2.7859, -0.3421 
0.006730, 3.3724, -0.3421 
0.006740, 2.9814, 0.2444 
0.006750, 2.5904, 0.6354 
0.006760, 2.9814, 0.6354 
0.006770, 3.1769, 0.6354 
0.006780, 2.3949, 1.2219 
0.006790, 1.0264, 1.4174 
0.006800, 0.4399, 1.0264 
0.006810, 0.4399, 0.6354 
0.006820, 0.0489, 1.0264 
0.006830, -0.5376, 2.1994 
0.006840, -0.9286, 2.7859 
0.006850, -0.1466, 2.3949 
0.006860, 0.8309, 1.6129 
0.006870, 1.2219, 0.8309 
0.006880, 1.6129, 0.4399 
0.006890, 2.0039, 0.4399 
0.006900, 2.9814, 0.8309 
0.006910, 3.3724, 1.2219 
0.006920, 2.7859, 0.6354 
0.006930, 2.1994, -0.1466 
0.006940, 2.3949, -0.3421 
0.006950, 2.7859, 0.2444 
0.006960, 2.1994, 0.8309 
0.006970, 0.8309, 1.0264 
0.006980, -0.1466, 0.8309 
0.006990, -0.3421, 0.8309 
0.007000, -0.3421, 1.4174 
0.007010, 0.2444, 1.2219 
0.007020, 1.2219, 1.0264 
0.007030, 1.6129, 1.2219 
0.007040, 1.2219, 1.2219 
0.007050, 1.2219, 0.8309 
0.007060, 1.8084, 0.0489 
0.007070, 3.1769, 0.0489 
0.007080, 3.5679, 0.2444 
0.007090, 1.6129, -0.1466 
0.007100, 1.2219, -0.1466 
0.007110, 1.2219, 0.2444 
0.007120, 0.8309, 0.8309 
0.007130, 0.4399, 1.4174 
0.007140, 0.6354, 1.8084 
0.007150, 1.0264, 2.1994 
0.007160, 0.4399, 2.5904 
0.007170, -0.5376, 2.5904 
0.007180, -0.5376, 2.5904 
0.007190, 0.6354, 2.1994 
0.007200, 1.6129, 1.6129 
0.007210, 1.6129, 0.8309 
0.007220, 1.2219, 0.4399 
0.007230, 1.4174, 0.2444 
0.007240, 2.1994, 0.6354 
0.007250, 2.1994, 0.8309 
0.007260, 2.0039, 0.0489 
0.007270, 2.0039, -0.9286 
0.007280, 2.3949, -1.3196 
0.007290, 2.5904, -0.5376 
0.007300, 2.0039, 0.8309 
0.007310, 1.2219, 1.2219 
0.007320, 1.2219, 1.2219 
0.007330, 1.6129, 1.2219 
0.007340, 1.6129, 1.8084 
0.007350, 0.6354, 2.0039 
0.007360, 0.4399, 1.6129 
0.007370, 0.6354, 1.0264 
0.007380, 1.0264, 0.6354 
0.007390, 0.6354, 0.6354 
0.007400, 0.2444, 0.6354 
0.007410, 0.6354, 0.0489 
0.007420, 1.4174, 0.0489 
0.007430, 2.0039, 0.2444 
0.007440, 1.8084, 0.4399 
0.007450, 2.0039, 0.0489 
0.007460, 2.5904, 0.0489 
0.007470, 2.7859, 0.6354 
0.007480, 2.1994, 1.8084 
0.007490, 1.4174, 2.3949 
0.007500, 1.2219, 2.1994 
0.007510, 1.4174, 1.6129 
0.007520, 1.0264, 1.4174 
0.007530, 0.0489, 1.8084 
0.007540, -0.7331, 2.1994 
0.007550, -0.5376, 2.3949 
0.007560, -0.3421, 1.6129 
0.007570, -0.3421, 0.6354 
0.007580, -0.1466, 0.4399 
0.007590, 0.8309, 0.6354 
0.007600, 2.1994, 0.8309 
0.007610, 2.3949, 0.6354 
0.007620, 2.1994, 0.0489 
0.007630, 2.3949, -0.3421 
0.007640, 3.3724, -0.1466 
0.007650, 3.7634, 0.6354 
0.007660, 2.9814, 1.4174 
0.007670, 2.0039, 1.4174 
0.007680, 1.2219, 0.6354 
0.007690, 0.6354, 0.6354 
0.007700, -0.7331, 0.8309 
0.007710, -0.5376, 1.2219 
0.007720, 0.0489, 1.2219 
0.007730, 0.2444, 1.2219 
0.007740, 0.0489, 1.2219 
0.007750, 0.6354, 1.0264 
0.007760, 2.1994, 0.8309 
0.007770, 3.3724, 0.6354 
0.007780, 2.9814, 0.4399 
0.007790, 2.5904, 0.2444 
0.007800, 2.7859, -0.1466 
0.007810, 2.5904, 0.4399 
0.007820, 2.0039, 1.6129 
0.007830, 1.2219, 2.0039 
0.007840, 0.6354, 1.2219 
0.007850, 0.0489, 0.6354 
0.007860, -0.7331, 1.0264 
0.007870, -0.9286, 2.0039 
0.007880, -0.5376, 2.3949 
0.007890, 0.2444, 2.1994 
0.007900, 0.8309, 1.8084 
0.007910, 0.6354, 1.4174 
0.007920, 0.8309, 1.2219 
0.007930, 1.8084, 1.0264 
0.007940, 2.9814, 0.6354 
0.007950, 3.1769, 0.4399 
0.007960, 2.9814, -0.3421 
0.007970, 2.5904, -0.9286 
0.007980, 2.3949, -0.9286 
0.007990, 1.8084, 0.0489 
0.008000, 1.2219, 0.8309 
0.008010, 0.8309, 0.8309 
0.008020, 0.8309, 0.2444 
0.008030, 0.8309, 0.0489 
0.008040, 0.2444, 1.2219 
0.008050, -0.3421, 2.5904 
0.008060, -0.1466, 2.7859 
0.008070, 0.4399, 2.0039 
0.008080, 1.0264, 1.4174 
0.008090, 1.0264, 1.4174 
0.008100, 1.2219, 0.8309 
0.008110, 1.6129, 0.8309 
0.008120, 2.0039, 0.6354 
0.008130, 2.0039, 0.8309 
0.008140, 1.6129, 0.6354 
0.008150, 1.8084, 0.0489 
0.008160, 2.1994, -0.3421 
0.008170, 2.0039, 0.2444 
0.008180, 1.4174, 1.0264 
0.008190, 1.0264, 1.6129 
0.008200, 1.0264, 1.4174 
0.008210, 1.0264, 0.8309 
0.008220, 0.8309, 1.2219 
0.008230, 0.6354, 2.1994 
0.008240, 0.8309, 2.7859 
0.008250, 1.0264, 2.3949 
0.008260, 0.8309, 1.2219 
0.008270, 0.6354, 0.6354 
0.008280, 0.6354, 0.2444 
0.008290, 1.2219, 0.2444 
0.008300, 1.8084, 0.0489 
0.008310, 1.8084, -0.1466 
0.008320, 1.6129, -0.1466 
0.008330, 1.8084, -0.5376 
0.008340, 2.3949, -0.3421 
0.008350, 2.5904, 0.0489 
0.008360, 2.3949, 0.6354 
0.008370, 2.1994, 0.6354 
0.008380, 2.1994, 0.8309 
0.008390, 1.2219, 1.6129 
0.008400, 0.4399, 2.0039 
0.008410, 0.2444, 2.0039 
0.008420, 0.4399, 1.6129 
0.008430, 0.4399, 1.2219 
0.008440, -0.1466, 1.0264 
0.008450, 0.0489, 0.8309 
0.008460, 0.6354, 0.8309 
0.008470, 1.4174, 1.0264 
0.008480, 1.6129, 1.2219 
0.008490, 1.8084, 0.6354 
0.008500, 2.1994, 0.2444 
0.008510, 2.7859, 0.4399 
0.008520, 2.7859, 1.0264 
0.008530, 2.1994, 1.6129 
0.008540, 1.8084, 1.4174 
0.008550, 1.4174, 1.2219 
0.008560, 0.8309, 1.2219 
0.008570, 0.2444, 1.4174 
0.008580, -0.1466, 1.6129 
0.008590, 0.0489, 1.4174 
0.008600, 0.0489, 1.0264 
0.008610, 0.0489, 0.8309 
0.008620, 0.0489, 0.8309 
0.008630, 0.8309, 1.0264 
0.008640, 1.8084, 0.8309 
0.008650, 2.5904, 0.6354 
0.008660, 2.7859, 0.0489 
0.008670, 2.7859, -0.5376 
0.008680, 3.1769, -0.7331 
0.008690, 3.1769, -0.5376 
0.008700, 2.7859, 0.0489 
0.008710, 2.1994, 0.4399 
0.008720, 2.0039, 0.4399 
0.008730, 1.6129, 0.4399 
0.008740, 0.8309, 0.8309 
0.008750, 0.0489, 1.6129 
0.008760, -0.3421, 2.0039 
0.008770, -0.1466, 2.0039 
0.008780, 0.2444, 1.6129 
0.008790, 0.2444, 1.4174 
0.008800, 0.4399, 1.6129 
0.008810, 0.8309, 1.8084 
0.008820, 1.6129, 1.4174 
0.008830, 2.0039, 1.0264 
0.008840, 2.0039, 0.8309 
0.008850, 2.3949, 0.2444 
0.008860, 2.7859, -0.3421 
0.008870, 2.7859, -0.5376 
0.008880, 2.1994, 0.2444 
0.008890, 1.6129, 1.2219 
0.008900, 1.2219, 1.2219 
0.008910, 1.2219, 0.8309 
0.008920, 0.8309, 0.8309 
0.008930, 0.4399, 1.4174 
0.008940, 0.2444, 1.8084 
0.008950, 0.4399, 2.0039 
0.008960, 0.4399, 1.6129 
0.008970, 0.2444, 1.0264 
0.008980, 0.4399, 1.0264 
0.008990, 1.0264, 0.8309 
0.009000, 1.8084, 0.6354 
0.009010, 2.0039, 0.0489 
0.009020, 2.0039, -0.1466 
0.009030, 2.0039, -0.7331 
0.009040, 2.3949, -0.7331 
0.009050, 2.3949, -0.3421 
0.009060, 2.3949, 0.6354 
0.009070, 2.1994, 0.6354 
0.009080, 1.4174, 0.6354 
0.009090, 1.0264, 1.0264 
0.009100, 0.6354, 1.6129 
0.009110, 0.6354, 1.8084 
0.009120, 0.6354, 2.0039 
0.009130, 0.4399, 2.3949 
0.009140, 0.2444, 2.0039 
0.009150, 0.6354, 0.6354 
0.009160, 1.4174, 0.4399 
0.009170, 1.8084, 0.6354 
0.009180, 1.8084, 0.6354 
0.009190, 1.8084, 0.2444 
0.009200, 2.1994, 0.0489 
0.009210, 2.3949, 0.2444 
0.009220, 2.5904, 0.8309 
0.009230, 2.5904, 0.8309 
0.009240, 2.1994, 0.4399 
0.009250, 1.6129, 0.4399 
0.009260, 0.8309, 1.0264 
0.009270, 0.4399, 1.6129 
0.009280, 0.4399, 1.4174 
0.009290, 0.6354, 1.2219 
0.009300, 0.4399, 1.0264 
0.009310, 0.2444, 0.8309 
0.009320, 0.2444, 0.2444 
0.009330, 0.8309, 0.2444 
0.009340, 1.6129, 0.4399 
0.009350, 2.0039, 0.6354 
0.009360, 2.3949, 0.2444 
0.009370, 2.5904, 0.0489 
0.009380, 2.9814, 0.0489 
0.009390, 2.5904, 0.6354 
0.009400, 2.3949, 1.0264 
0.009410, 2.1994, 0.6354 
0.009420, 1.8084, 0.6354 
0.009430, 1.2219, 0.8309 
0.009440, 0.4399, 1.4174 
0.009450, -0.1466, 1.6129 
0.009460, -0.1466, 1.6129 
0.009470, -0.3421, 1.8084 
0.009480, -0.3421, 1.8084 
0.009490, -0.1466, 1.8084 
0.009500, 0.2444, 1.4174 
0.009510, 0.8309, 1.2219 
0.009520, 1.4174, 1.6129 
0.009530, 2.0039, 1.6129 
0.009540, 2.3949, 1.0264 
0.009550, 2.5904, 0.0489 
0.009560, 2.7859, -0.3421 
0.009570, 2.5904, -0.1466 
0.009580, 2.0039, 0.2444 
0.009590, 1.8084, 0.2444 
0.009600, 1.6129, -0.1466 
0.009610, 1.4174, 0.0489 
0.009620, 0.6354, 0.6354 
0.009630, 0.2444, 1.4174 
0.009640, 0.2444, 1.8084 
0.009650, 0.4399, 1.6129 
0.009660, 0.6354, 1.2219 
0.009670, 0.6354, 0.8309 
0.009680, 1.2219, 0.6354 
0.009690, 1.6129, 1.0264 
0.009700, 1.8084, 1.2219 
0.009710, 2.0039, 0.8309 
0.009720, 2.0039, 0.2444 
0.009730, 2.1994, -0.5376 
0.009740, 2.5904, -0.7331 
0.009750, 1.8084, 0.2444 
0.009760, 1.4174, 0.6354 
0.009770, 1.0264, 1.0264 
0.009780, 0.6354, 1.4174 
0.009790, 0.6354, 1.8084 
0.009800, 0.6354, 2.0039 
0.009810, 0.8309, 2.1994 
0.009820, 0.6354, 2.0039 
0.009830, 0.2444, 1.6129 
0.009840, 0.6354, 1.0264 
0.009850, 1.0264, 1.0264 
0.009860, 1.4174, 1.0264 
0.009870, 1.4174, 0.6354 
0.009880, 1.6129, -0.3421 
0.009890, 1.8084, -0.9286 
0.009900, 1.8084, 0.0489 
0.009910, 2.0039, 1.0264 
0.009920, 2.0039, 1.0264 
0.009930, 1.8084, 0.4399 
0.009940, 1.4174, 0.4399 
0.009950, 1.2219, 1.2219 
0.009960, 1.0264, 1.6129 
0.009970, 1.0264, 1.6129 
0.009980, 0.8309, 1.4174 
0.009990, 0.4399, 1.2219 
